LOADING MODEL
PNA-T = 0.2575217427190779
ASV = 0.10513517519465575
SOFT_ASV = 0.12

